0.303098 0.660997 0.035905 
0.151381 0.687637 0.160981 
0.221244 0.446819 0.331937 
0.253341 0.583500 0.163159 
0.207606 0.533784 0.258610 
0.280540 0.523481 0.195979 
0.323006 0.575680 0.101315 
0.251404 0.332986 0.415610 
0.345570 0.563729 0.090701 
0.218938 0.736625 0.044437 
0.224992 0.658637 0.116371 
0.411306 0.525194 0.063500 
0.427218 0.449872 0.122910 
0.288510 0.549312 0.162178 
0.113710 0.694823 0.191467 
0.368691 0.523615 0.107693 
0.238191 0.608756 0.153053 
0.247702 0.558693 0.193606 
0.187424 0.638469 0.174107 
0.406881 0.497880 0.095240 
0.295430 0.541838 0.162732 
0.436016 0.453912 0.110071 
0.308551 0.656879 0.034570 
0.453329 0.332331 0.214339 
0.310948 0.554064 0.134988 
0.411967 0.442672 0.145360 
0.261650 0.561381 0.176969 
0.323542 0.541958 0.134501 
0.370080 0.552300 0.077619 
0.251974 0.669860 0.078166 
0.144353 0.687348 0.168299 
0.325902 0.456416 0.217682 
0.143367 0.726420 0.130213 
0.225644 0.741188 0.033169 
0.310754 0.647319 0.041927 
0.245840 0.480863 0.273297 
0.267263 0.569725 0.163012 
0.312765 0.619682 0.067553 
0.189677 0.588092 0.222231 
0.211029 0.635569 0.153401 
0.177499 0.528015 0.294486 
0.236917 0.460309 0.302774 
0.281992 0.540951 0.177057 
0.266103 0.660233 0.073664 
0.287447 0.637235 0.075318 
0.207971 0.573755 0.218274 
0.294746 0.450668 0.254585 
0.274144 0.532913 0.192943 
0.301727 0.511351 0.186921 
0.269296 0.612484 0.118220 
0.325584 0.591478 0.082938 
0.135943 0.658526 0.205531 
0.267546 0.534360 0.198094 
0.162635 0.697031 0.140334 
0.616208 0.306031 0.077762 
0.164417 0.754972 0.080610 
0.315393 0.581029 0.103577 
0.181826 0.699950 0.118223 
0.397260 0.508188 0.094552 
0.467436 0.423805 0.108759 
0.154331 0.695814 0.149855 
0.374974 0.403994 0.221033 
0.329586 0.584678 0.085736 
0.330013 0.470520 0.199467 
0.409508 0.445837 0.144655 
0.355610 0.540540 0.103851 
0.315515 0.562298 0.122187 
0.242129 0.539967 0.217904 
0.303397 0.509524 0.187079 
0.275172 0.491470 0.233358 
0.209770 0.444026 0.346204 
0.478640 0.388783 0.132578 
0.259667 0.515473 0.224861 
0.550940 0.422697 0.026363 
0.382163 0.376793 0.241045 
0.163852 0.620477 0.215671 
0.348677 0.497628 0.153694 
0.093547 0.526433 0.380020 
0.192272 0.690266 0.117462 
0.248001 0.707615 0.044384 
0.218994 0.646433 0.134572 
0.236748 0.616354 0.146899 
0.319474 0.650104 0.030422 
0.314042 0.499374 0.186584 
0.252517 0.517504 0.229978 
0.341639 0.575220 0.083141 
0.171873 0.638132 0.189995 
0.219914 0.654195 0.125891 
0.214290 0.576599 0.209111 
0.161001 0.720716 0.118283 
0.513082 0.421853 0.065064 
0.219478 0.642462 0.138060 
0.248504 0.634809 0.116687 
0.376363 0.473460 0.150177 
0.227598 0.667731 0.104670 
0.278619 0.478722 0.242659 
0.298544 0.616406 0.085050 
0.341194 0.579934 0.078872 
0.234824 0.588036 0.177140 
0.329728 0.544149 0.126123 

